0.893840 0.308870 0.927780 0.369160 0.477940 0.383360 0.853870 0.604930 0.166500 0.414220 0.023630 0.900280 0.686910 0.200600 0.977640 0.139270
0.805410 0.834270 0.891730 0.557370 0.052120 0.953690 0.025680 0.564300 0.657830 0.215310 0.228630 0.651240 0.740680 0.031360 0.139300 0.798030
0.340230 0.230590 0.330700 0.981680 0.613940 0.184570 0.750120 0.780430 0.762300 0.773740 0.844220 0.449200 0.137850 0.985380 0.751990 0.943250
0.983160 0.643710 0.664140 0.035270 0.760920 0.689810 0.599570 0.418740 0.068630 0.991710 0.069970 0.972820 0.023060 0.209260 0.770850 0.363280
0.603370 0.265060 0.508470 0.217300 0.613140 0.258580 0.161250 0.538960 0.195830 0.005460 0.988150 0.333680 0.154350 0.903650 0.440440 0.137510
0.710880 0.268090 0.172770 0.471790 0.957890 0.935850 0.054040 0.026520 0.927550 0.124000 0.999330 0.950610 0.496770 0.933690 0.477400 0.100130
0.362270 0.985870 0.480950 0.975400 0.407960 0.805710 0.514350 0.603790 0.974680 0.666020 0.100980 0.129030 0.733180 0.704930 0.266530 0.607570
0.973020 0.602810 0.242870 0.094420 0.538660 0.296900 0.284450 0.466200 0.584410 0.447300 0.580320 0.081180 0.380980 0.057720 0.344820 0.906760
0.207100 0.989280 0.045680 0.778570 0.794980 0.723540 0.545870 0.769660 0.553070 0.646840 0.062200 0.286250 0.515290 0.328720 0.057330 0.488300
0.095040 0.300200 0.582710 0.633690 0.597090 0.867160 0.263410 0.181500 0.477970 0.007240 0.426190 0.022460 0.228470 0.934520 0.929220 0.435560
